0.718083
0.931806
1.1359
1.25471
1.1412
1.12022
1.03783
1.18471
1.12026
1.17075
1.16707
0.888997
0.800943
0.923291
0.667951
0.464711
1.01534
1.08792
1.07555
1.00058
0.892889
0.798761
0.961017
1.21923
0.817949
0.845167
0.71104
0.841413
1.05976
0.964987
0.95574
0.919256
1.121
0.912614
1.17845
1.01623
1.13339
1.10471
0.815492
0.965558
0.828108
0.672713
0.770944
0.789099
0.769746
0.708607
0.977784
1.12764
1.26742
1.44581
1.22634
0.890663
0.695026
0.97266
0.959172
1.48107
1.12586
0.693569
0.400894
0.939759
0.764076
1.10498
1.16904
1.05737
1.09618
1.19482
1.05363
0.445573
1.25693
1.01935
1.13233
0.962196
1.041
1.04176
1.28874
1.14627
1.28962
1.0528
0.758992
0.888843
0.724403
1.19914
1.18508
1.37831
1.11668
1.29292
1.45784
1.54569
1.3018
1.0948
0.783111
0.975627
1.07626
1.12642
0.970904
0.782942
1.08833
0.849793
0.594908
0.607655
1.20723
1.04353
1.0903
1.15281
0.98469
0.961093
0.671113
1.21385
1.34821
1.05148
0.662442
1.05107
0.872972
1.0951
1.06049
1.11227
1.09647
0.945736
1.42595
1.30766
1.19618
0.989931
1.22683
1.13505
1.43502
1.13305
0.903149
0.889527
1.26592
1.0533
0.976865
1.02483
0.646798
0.525692
0.676978
1.09148
0.913067
0.878201
0.886932
1.03075
0.816725
1.23188
0.711224
0.590789
1.07107
0.866736
0.671529
0.729368
1.26883
1.20719
1.13555
1.43616
1.15041
1.04254
1.0538
1.04063
1.11118
0.773584
0.982791
1.2478
1.16874
0.766341
0.647813
0.879162
1.34831
1.13249
1.08429
0.902369
1.03994
1.48306
1.01376
1.30839
0.761634
1.35586
1.07698
1.1664
1.08253
1.06322
0.751935
0.864095
0.383458
0.535093
0.487893
0.881573
0.968788
0.892312
1.11088
1.26618
1.04636
1.16551
1.05241
1.04212
0.969683
1.06663
1.12211
1.03654
0.82859
1.17111
1.18045
1.14711
1.01977
1.09892
0.806639
0.75239
0.929365
0.628672
0.75915
0.885348
1.0661
0.999946
0.832019
0.824416
1.07277
0.625386
0.819827
1.40901
1.5207
0.938548
1.13191
0.707013
0.835218
0.861606
0.777259
1.43416
1.20564
1.46832
1.10619
1.19569
1.07676
1.38627
1.23098
1.19181
1.2109
0.976873
1.07168
1.24761
1.32082
0.868458
1.17807
1.04241
1.16158
1.30662
0.485701
0.875233
1.27867
1.1049
0.947767
0.526196
0.64842
0.892578
1.15334
1.12263
1.10157
1.36403
1.08633
0.795073
1.09945
0.769596
0.634567
0.664547
0.895929
0.964198
1.14899
0.840956
1.26264
1.1937
0.930922
0.922368
1.333
0.954304
0.785279
1.05336
1.05391
1.16701
1.62898
1.52983
0.968795
0.8054
0.764587
0.731769
1.01253
1.18892
0.977786
1.26611
1.13324
1.05236
0.954795
1.23782
1.21597
1.21112
0.909408
0.892334
0.695787
0.901073
0.632719
1.1351
1.11433
1.08616
0.951507
1.08175
0.945001
1.60721
1.08403
1.43739
1.30289
1.0214
1.03601
0.954332
0.671591
1.22472
1.03696
1.2365
1.3359
1.11585
0.848401
0.552302
0.996129
1.04224
1.11616
1.18385
0.930148
0.653372
0.959374
0.569818
0.79274
1.05116
0.71144
1.13758
1.04054
1.08641
0.7534
0.179606
0.69922
0.717478
1.07739
0.78472
0.888781
1.10304
1.42261
0.894211
1.06528
1.11035
1.09954
0.905205
1.09795
1.01325
0.795092
0.973912
1.02364
1.10268
1.06703
0.931251
1.12452
1.0212
0.814644
0.963691
0.733001
0.954745
0.703789
0.999402
0.93442
1.09768
1.16958
1.08781
1.14693
1.12036
1.51571
1.34041
1.13753
1.02948
0.925203
0.757708
0.917552
1.17228
1.25318
0.922435
1.00274
1.41362
1.41324
0.754436
0.759523
1.00689
1.08604
0.872455
1.05006
1.07218
0.776955
1.03427
1.07834
0.722337
0.526352
1.24183
1.29408
0.940105
1.29262
1.46971
1.17403
1.06006
0.881636
1.25067
1.16212
0.890385
0.968767
1.24888
0.683369
0.898912
0.946717
0.968912
1.08657
1.03258
0.903822
0.742031
0.754034
0.840693
0.590041
0.919073
0.778224
0.78582
1.14568
0.894572
0.791677
0.827015
0.805858
0.780967
0.937721
0.873957
1.20589
1.19129
1.05364
0.948714
0.621166
1.16702
0.980862
0.889153
0.940911
0.91297
1.01373
0.816
0.634978
0.752276
1.23873
1.38315
1.12543
0.561194
0.591692
0.743177
1.0461
1.11773
1.11427
0.970758
0.731344
1.03337
1.16184
1.13354
0.857356
1.02365
0.829354
1.05532
1.40725
0.944797
0.885811
0.753051
0.619148
0.342802
1.00979
1.34406
0.872428
0.880526
0.796348
0.876053
1.35825
0.995422
1.03773
1.21104
1.21072
1.07855
1.02699
1.17239
1.46264
1.33029
1.05723
1.12467
1.04122
0.869871
1.18869
0.827146
1.14807
1.01135
0.726128
1.12729
0.965601
1.01296
0.854164
0.790242
1.01748
1.07372
1.12251
1.24003
1.36946
0.701937
0.875458
1.06759
1.17242
1.04477
0.630508
0.965782
0.724446
0.69665
1.09493
1.33539
1.39847
1.11961
0.770795
0.973547
1.44716
0.999261
1.02732
1.15451
1.21585
1.1983
1.01956
0.944243
1.03919
0.945567
0.522782
1.0031
0.951179
1.28445
1.35919
0.796452
0.272993
0.37096
1.22654
1.14384
1.32824
1.21817
1.11208
0.987268
1.20393
1.10654
1.13852
1.18561
1.32519
1.2652
0.810299
1.3985
1.0931
1.19825
0.826668
0.799347
0.686233
0.862291
1.30906
1.16686
1.13805
0.837249
0.342694
0.789575
0.635097
0.820609
1.12009
0.804202
1.14152
0.976349
1.0815
0.826131
1.0876
1.12982
1.25293
1.45761
0.90235
1.49929
1.24501
1.17729
1.04845
0.960123
1.48299
1.20318
1.13967
0.946132
1.27458
1.0928
0.750158
0.869922
0.863801
0.994742
0.957769
1.08337
0.870637
1.22626
1.24329
1.29133
1.24779
1.47218
1.13364
0.797788
0.996127
1.27949
1.08768
1.01682
0.915454
0.622047
0.73767
0.769655
0.730149
0.949837
0.817398
1.07557
1.00878
1.16052
1.03896
0.86708
1.03575
1.07893
0.879968
0.883067
0.851155
0.710248
1.11954
1.06505
1.23179
0.995576
0.963654
0.479404
0.875933
0.887256
0.76007
1.11211
0.628962
0.764786
0.723667
0.984497
1.15608
1.30417
1.28998
1.41563
1.32445
0.780591
0.951173
0.642718
0.768208
0.931159
0.681226
0.820713
0.75978
0.845339
0.799777
0.853307
0.962784
1.49704
1.19856
0.950233
1.1354
1.36407
1.39349
1.20105
1.05754
1.06609
1.17718
1.38767
1.12535
0.802673
0.520219
0.922524
0.968283
1.18464
1.06294
1.23442
1.41556
1.17338
1.09634
1.13588
1.0366
0.513098
0.702291
0.604517
0.794849
0.640471
0.960052
0.749876
0.984139
1.0087
1.20319
1.2005
1.0796
1.39047
1.22258
1.15104
0.682085
0.603836
0.681699
1.15984
0.836038
1.06731
1.0457
1.44777
1.06317
0.788498
0.957765
0.627681
1.44405
1.03158
1.11475
1.10092
1.1834
0.82808
0.771784
0.606362
0.757762
1.14336
1.11238
0.680773
1.20709
1.07753
0.747699
1.07713
0.940186
0.773693
1.18027
0.99338
0.905301
1.07675
1.19174
0.917568
1.14717
1.08444
0.870135
0.768716
0.994544
0.95473
1.20998
0.788011
0.914612
1.27006
0.975655
1.00921
0.600833
0.920752
1.22305
1.12894
1.24151
0.880253
0.89468
1.04527
0.994722
1.30528
1.09484
1.04899
0.999523
1.11017
1.05234
1.15973
1.11546
1.27679
1.17635
0.85151
0.594508
1.22339
1.302
1.3121
0.865987
1.05994
1.11721
0.906951
0.918085
0.709544
0.968191
0.742148
1.05314
0.9545
1.0895
0.63026
0.889066
1.0892
0.952102
0.949786
1.08848
1.32197
1.12276
0.84477
1.0217
1.07898
1.07963
1.22856
0.958947
1.00434
1.17104
0.930496
0.729377
0.921558
0.84235
1.27156
0.863696
1.02681
1.13396
1.28917
1.07819
0.869534
0.778514
1.05171
1.27739
1.2303
1.29366
1.01654
0.944643
0.903152
1.05652
1.15315
1.20065
0.71021
1.12173
1.16838
0.912428
1.07226
1.215
1.36082
0.977714
1.09033
0.830297
0.767198
0.766781
1.16883
0.973629
0.787683
0.912034
1.06358
0.937491
0.747025
0.834139
1.22777
0.912855
1.25009
0.655341
0.893475
1.07673
1.01369
1.26172
1.01712
0.905762
1.00952
1.04024
0.560059
0.667896
1.10571
0.678694
0.68602
0.583753
0.903338
1.17326
1.06448
0.769361
1.29303
1.47303
1.07781
1.0466
0.941629
1.03829
0.961218
1.21304
1.22264
0.927562
0.968744
0.781016
0.849586
0.836779
0.872685
0.874809
1.26359
1.24641
1.24613
1.05889
0.970429
1.02959
1.13138
0.727895
0.701006
0.700204
1.06618
0.935565
0.878574
0.940121
1.08055
0.88863
1.22072
1.07
0.946273
1.02779
0.967009
0.646502
1.0321
0.715606
0.975487
0.947644
0.880563
1.21799
0.893452
1.35356
0.887988
0.806563
0.741338
0.896273
1.06371
1.58677
1.1961
1.26584
1.36431
1.28324
0.946573
0.556853
0.789127
0.920276
0.621178
0.780144
0.873603
0.835319
0.64396
1.00357
0.915686
1.21504
0.881744
1.20148
1.29741
1.38828
1.36798
1.10899
1.0961
0.853323
1.24013
1.06187
0.808705
1.27176
1.42132
1.23655
1.1262
0.851732
0.82676
0.609387
0.963679
1.45504
0.860905
0.622315
0.904066
1.08604
0.849806
1.14187
1.18354
1.22693
0.93991
0.770181
0.6043
0.668803
1.4248
1.247
1.11778
1.18014
0.953038
1.21967
1.23363
1.43023
0.87014
1.0401
0.8228
0.861584
0.984448
1.3045
1.36077
0.854492
1.31655
1.11409
0.670851
0.99849
0.789855
0.658233
0.807318
0.94527
0.988089
1.24686
1.47311
1.02146
1.04701
1.10892
0.952726
1.02427
1.17407
1.15011
1.04237
1.14278
1.11905
0.761611
1.19267
0.97849
0.949875
1.18202
1.3175
1.05228
0.680852
1.00214
1.28576
1.03046
0.897951
0.833445
0.759021
0.933245
1.24411
0.628582
0.727135
0.632544
1.03745
1.09224
1.13195
1.19927
1.11759
1.10557
1.347
1.13946
1.15588
0.899932
0.750851
0.889413
1.21736
1.20178
1.23663
1.12034
1.11702
0.745073
0.391916
0.98517
0.626188
0.775058
0.690124
1.13538
1.06308
0.97063
1.29561
1.01777
0.748707
0.499015
0.493494
0.758304
1.24996
1.51839
1.49207
1.33234
0.895598
0.455401
0.479003
0.948854
0.673365
0.900205
0.841264
1.14172
0.95753
1.0568
0.923473
1.15347
0.901012
0.988867
1.35151
1.09265
1.10811
0.852754
0.936265
0.853999
0.910567
1.153
1.13746
0.799327
0.783052
0.635059
0.804339
0.938714
0.929577
1.25191
1.45582
0.980323
0.971486
0.80573
1.08835
1.18482
1.13821
0.745221
0.9613
0.660537
0.745344
0.798514
0.836803
1.0748
0.882783
1.40007
0.981032
1.09461
1.13997
0.717609
0.89408
1.11382
0.967894
1.22038
1.29413
0.933927
0.980639
1.00915
0.759593
0.877352
0.789508
1.40262
1.29735
1.1688
1.26611
0.874693
1.10734
1.02399
0.598864
0.800008
0.646098
0.735625
0.928077
0.729232
0.703466
0.863316
0.976853
1.13096
1.17782
0.618261
1.22813
0.908103
1.13615
1.01679
1.17498
1.00744
1.2557
1.10277
1.14157
1.02093
1.12104
1.02008
1.03858
1.23833
1.22546
1.26579
1.1289
1.14284
1.08754
0.953037
0.804335
1.09687
0.959739
0.877333
1.24569
0.851515
0.989733
0.889737
1.28307
1.06375
1.38613
1.12164
1.11645
1.26175
1.14576
0.931508
1.34763
1.1801
1.50157
1.65618
1.37252
1.21088
1.0026
1.00522
1.03282
1.0127
1.00689
0.938909
1.01772
1.41786
0.962022
1.25767
0.94367
0.620255
0.720934
1.05965
0.836832
1.25737
1.21976
0.76766
0.869031
0.871878
0.804589
1.02988
1.2965
1.2657
1.51356
0.963431
0.951897
0.877528
1.19175
0.914567
0.819369
1.09773
1.05127
1.2374
0.470768
0.639444
0.920609
0.738091
0.708583
0.981927
0.656354
1.20401
0.954757
0.372641
0.82202
0.969296
0.909532
0.913788
0.926038
1.04846
1.04974
1.20657
0.790976
0.796608
0.850734
1.26858
1.05095
0.965727
1.05592
0.866932
0.997944
0.824164
1.0161
0.700789
1.0325
0.929604
0.752917
1.20268
0.946649
0.863401
0.546703
0.925817
1.02796
0.99283
0.691533
0.734309
0.759352
0.483318
0.808378
0.678206
0.540402
0.83378
0.932447
0.866158
0.820994
1.06237
1.05934
0.918316
0.557015
1.01152
1.1414
0.965331
1.13803
0.832792
0.717811
1.10967
0.950511
1.07998
0.715735
0.898898
0.903149
0.751647
1.04425
1.14711
1.12421
1.38125
1.18764
0.641098
0.889124
0.801936
0.713899
0.76842
0.837798
0.811397
1.11583
1.23444
1.05358
1.17607
1.18033
0.600568
0.678602
1.13892
1.0078
0.900056
0.903134
1.02525
0.856465
0.969769
0.930404
0.863061
1.02902
1.0131
0.916443
1.30238
0.818136
0.853615
1.16959
0.91441
0.918234
0.689469
0.841197
0.751924
0.825925
1.28981
0.800269
1.385
1.54352
1.45599
1.40914
1.42241
0.906147
0.926514
1.10464
1.33465
1.3077
0.924975
1.01135
0.941253
1.07143
1.3395
1.16651
1.20256
1.03591
0.882198
0.95541
1.24077
1.30682
1.11954
1.11585
0.874335
0.815146
0.61982
0.695212
0.72643
0.653667
0.791358
0.658859
0.802725
1.04129
1.26408
0.657397
0.903245
1.28879
1.34516
0.651835
0.988091
1.07468
1.23818
1.26635
1.17792
1.16922
1.41809
1.25243
0.799928
0.872684
1.13488
1.04651
0.873638
1.10191
0.948133
0.554012
0.514976
0.840637
1.04338
0.987538
1.26232
1.24995
1.09756
1.27591
1.11483
0.858719
1.00552
0.994603
0.71176
0.846243
0.986159
1.07341
0.94941
0.628356
0.659713
0.983076
0.923887
0.992312
1.41309
1.34658
0.904658
1.13522
1.35936
1.21509
1.01034
1.10714
1.08156
1.09542
0.99651
1.34927
0.899474
1.00595
0.955987
0.655025
0.739449
0.926529
0.630524
0.807603
0.946156
0.801467
0.598962
0.877349
1.20829
1.12699
0.965527
1.17294
0.916694
1.06354
0.821271
0.828676
0.772167
0.740136
0.685978
1.36101
1.11474
0.715777
0.922318
1.04711
1.35473
0.847161
0.631493
0.613143
0.891667
1.28637
1.08523
1.33724
1.2723
1.06757
0.982297
1.02947
1.14474
0.99905
1.30161
1.17581
0.93655
1.37163
1.10812
0.916352
1.1832
0.726696
1.24847
1.19668
1.09664
1.03423
0.845641
1.12769
0.967719
0.883387
1.02707
1.20455
0.824134
0.980099
0.950521
1.25921
1.15772
1.11623
1.20496
0.998658
0.856619
0.870567
1.06018
0.688858
0.950887
1.27773
1.08414
0.771893
0.762053
1.2569
0.848922
0.988461
1.22681
1.25691
1.16817
0.796766
1.1023
1.1782
0.663023
0.821301
0.925496
1.28221
0.755679
0.69638
0.920824
0.855237
1.14424
1.1292
1.01882
0.985124
1.10769
0.991399
0.69536
1.35807
1.23156
1.29147
0.504821
0.753966
1.13799
1.35475
1.07581
0.912504
0.826803
1.13221
1.16664
0.931326
0.999373
0.961178
1.08044
0.797738
0.775051
1.21304
0.754884
1.00125
1.02523
0.90295
0.982843
0.932211
0.936743
0.735157
0.867391
1.15037
0.942311
1.11969
1.04237
0.977351
0.757665
0.662493
1.0389
1.19746
1.11019
0.949516
0.602704
0.685796
1.04891
0.953085
0.912756
1.03082
1.014
1.40559
1.19018
1.12068
0.703528
0.757038
0.99962
0.773857
1.22877
0.959492
0.798462
0.965843
0.628979
0.852446
0.852832
0.878654
0.765922
0.723985
1.11711
0.975551
0.798228
1.03901
0.909672
0.948858
0.994508
1.01397
1.08841
1.02508
0.851701
0.995957
0.737435
1.11887
0.549593
0.913604
0.770073
0.807588
1.28904
0.944496
0.835996
0.435098
0.689157
0.745688
0.733419
1.11212
0.84848
1.14529
1.08495
0.917617
0.443544
0.462343
1.04606
1.12478
0.962963
1.37487
1.03681
0.921375
0.907624
1.39349
1.31948
0.961234
1.1228
1.06125
0.740903
0.852211
1.25105
1.37145
1.04887
0.882013
0.681943
0.953441
0.791181
0.86015
1.1298
1.35164
0.774271
0.797858
0.441949
0.407331
0.67622
0.983385
0.988867
0.802623
1.12674
1.23726
1.0364
0.952667
0.623819
0.494916
0.757249
1.235
0.597729
0.663888
0.68809
0.814599
0.655752
0.554054
0.768686
1.09002
1.0287
0.771796
0.528034
0.894804
0.966847
0.697978
0.976778
1.19499
1.06204
1.10813
1.20708
0.949665
1.10083
0.607488
1.16074
0.937746
1.12066
1.19366
1.4648
1.19568
0.831478
0.810193
0.970944
1.08713
0.944923
0.964795
1.00359
0.948221
0.92633
0.722425
0.480763
0.833387
1.24134
1.17961
1.19608
0.881374
1.23804
0.866982
1.1824
1.19952
1.31647
1.2466
0.854765
1.24841
1.28956
1.28657
1.12428
1.26144
1.54387
0.760851
1.21244
1.25506
1.35288
0.882556
0.695415
0.409262
0.732732
1.1416
1.1542
0.628036
0.831903
0.648364
1.48631
1.03744
0.852854
1.31856
1.42165
1.23666
1.06347
0.989002
0.956951
1.46613
1.38577
1.19568
0.900441
0.592386
0.67388
0.800555
1.3654
0.884348
0.560117
0.707386
0.586947
0.927355
0.918536
0.768793
0.693786
0.811399
0.749127
0.97827
1.46113
1.0752
1.06875
1.0928
0.68576
0.697099
0.942937
1.34536
1.41221
1.70067
1.2408
0.63692
0.690001
0.704077
0.64903
0.636687
0.916221
1.00414
0.895212
0.660052
0.887611
0.896417
0.492093
0.399943
0.469469
0.693028
0.72043
0.837346
0.718874
0.90691
1.12659
0.764677
1.06471
1.00983
0.945705
1.27881
1.29051
1.25066
0.919202
0.479811
0.496135
1.03106
1.03554
0.771104
1.03677
1.08263
1.46611
1.2387
1.02908
1.11562
0.951655
1.10847
1.01287
0.96578
0.897247
1.15234
1.23415
1.07383
1.13935
1.15787
1.29719
1.21532
1.04747
0.997403
0.725022
0.660484
0.949155
0.874779
0.989308
1.08264
1.34609
1.71353
1.06613
1.01807
0.654811
0.92029
0.81203
1.04737
0.718005
0.993923
1.04735
0.85247
0.736168
1.02309
1.23774
0.747316
0.986921
1.31571
1.05939
1.35448
1.06862
1.29767
1.33432
1.4017
1.17762
1.05373
0.964173
1.08908
1.05216
0.83594
1.11369
0.647207
0.672906
0.569771
0.607071
0.701196
1.2246
1.00099
1.23008
0.953733
0.91287
0.860581
1.093
1.01618
1.14408
1.20244
1.02361
0.92938
0.721833
0.812941
0.82485
0.87372
1.08644
1.1602
0.851986
0.930345
0.792131
0.965573
1.12719
1.14057
0.866959
0.874814
1.09528
0.995945
0.761655
1.18365
0.877251
1.06456
0.818903
1.05354
0.857126
0.28423
0.698071
0.770967
0.928824
1.04327
1.23533
1.46907
1.11083
1.17135
0.919623
0.718482
0.941099
1.16234
1.29696
0.964088
0.981786
0.63631
1.01227
1.12798
1.29913
0.848491
1.34809
1.18211
1.01323
1.16429
1.13904
1.22512
0.963191
0.976815
0.895575
0.694856
1.00668
0.735982
1.13551
0.9866
0.957779
1.08296
1.04011
1.13001
0.947898
0.973075
1.12477
1.01315
1.03796
1.07543
0.964368
1.01162
1.1589
1.24178
0.946286
1.14828
0.856634
0.839192
0.750692
1.22931
1.02529
0.908862
0.73098
1.21466
1.28128
1.10703
1.18097
1.13572
0.960628
0.895644
0.463846
0.810827
0.794847
1.10119
0.893177
1.54542
0.948122
0.569084
0.870496
0.886826
1.34117
1.16088
1.32485
1.28259
1.11037
1.08611
1.04519
1.06478
1.11674
1.11967
0.926206
0.993262
1.65193
1.52813
1.26469
1.24526
1.09928
1.05949
1.08058
1.27049
1.05882
1.19683
1.25876
1.22855
1.03862
0.582381
0.555303
0.965415
1.23057
1.09291
0.842335
1.13272
0.84439
1.18902
0.940814
0.969611
1.53428
1.35168
0.919687
1.06318
0.817189
0.912271
0.993946
0.663121
0.942851
0.802949
0.562036
0.823493
0.938191
1.1
